my_data.ecsv
# %ECSV 1.0
# ---
# datatype:
# - {name: m, datatype: int32}
# - {name: n, datatype: int32}
# - {name: F(l), datatype: float64}
# - {name: Percent Error Mean, datatype: float64}
# - {name: Percent Error Median, datatype: float64}
# - {name: Percent Error Max, datatype: float64}
# schema: astropy-2.0
m n F(l) "Percent Error Mean" "Percent Error Median" "Percent Error Max"
1 1 3.3926667236474772e-09 44.868982382971446 44.868982382971446 44.868982382971446
1 6 0.068492214878008 16.493110431311457 16.493110431311457 16.493110431311457
1 11 0.12568879607888064 35.23811837056347 35.23811837056347 35.23811837056347
1 16 0.17762299127906295 6.741224595895922 6.741224595895922 6.741224595895922
1 21 0.1900014172164855 12.750198969017287 12.750198969017287 12.750198969017287
1 26 0.3259271752809303 20.538900776589443 20.538900776589443 20.538900776589443
1 31 0.41636351259546434 12.288489020163619 12.288489020163619 12.288489020163619
1 36 0.4052754162799236 7.006132480212865 7.006132480212865 7.006132480212865
1 41 0.486268316337649 7.12465730785793 7.12465730785793 7.12465730785793
1 46 0.5778291605860174 28.655984584549138 28.655984584549138 28.655984584549138
6 1 1.8138630638751935e-08 128.01784187752205 46.57107303298166 504.978553700294
6 6 0.0011334433615992144 242.60912605577363 48.30341080993558 1209.7175896820029
6 11 0.15226479360159278 388.70498706488695 63.44273344544164 2024.078613186369
6 16 0.26604799242625754 80.15480764382258 20.33556163560873 380.3855622944599
6 21 0.3988487148353811 31.841680303577625 19.915899691122565 101.72076304181805
6 26 0.511827818438858 69.17915754352548 16.708163259004998 334.8947707064056
6 31 0.7172318276111734 24.715545763963235 16.27562384998432 64.35892643840351
6 36 0.7230693584179686 38.108698415539436 23.287320215272842 125.42552577556503
6 41 0.9284037628602263 56.32209022830507 19.25554852099298 193.33906342595037
6 46 1.30123138744215 16.809641806702068 10.578754381464217 53.86276031829122
11 1 2.5938099465966826e-08 639.3783771169811 50.263674243447525 5619.757352784514
11 6 3.2429662979178734e-06 143.45521678309626 40.011667486136986 921.2066866857346
11 11 0.050412018606585215 283.76699405541285 47.33010649067238 2421.3654313733955
11 16 0.20113074512268225 159.62731411069333 38.32070130591768 1121.2636241833063
11 21 0.6134607454577348 115.61711012039825 24.54817336282022 766.867470282072
11 26 0.5122399026725867 67.84355386031186 27.46033324094163 386.01310097144125
11 31 0.6011986111198449 50.325910349231116 20.08199450335851 248.4594906375603
11 36 0.9822439062517869 80.89258303812213 21.237506014457708 616.4865361821574
11 41 1.8318417805583507 157.53119183473518 21.897633575695522 1342.9619044965461
11 46 1.8843931251914596 133.05885935110763 15.58646234371302 1232.027556749883
16 1 3.199333417889391e-08 184.89091291155742 58.904745230560046 1545.3487523547913
16 6 1.5713227912039508e-06 406.87990724938635 47.0015682785853 5253.4464490384435
16 11 0.02932761146362626 102.42396889506236 49.349679808663424 673.0578359475921
16 16 0.2326759042206616 102.20635055973493 46.23909571700165 627.1239263532486
16 21 0.3889490958384821 165.27436696751244 38.14427370223507 1736.8212613648134
16 26 0.5460098200856903 73.0395260800716 32.004047304808026 433.6692482353079
16 31 0.6777198442847316 127.14965832089345 25.55399638906551 1463.719952022691
16 36 1.1381805868958694 63.76523197761899 25.97684350350953 469.93820047812517
16 41 1.6807018950232933 69.32208586494934 25.4442347024492 537.6183680834506
16 46 1.7448159476751315 53.12811903485393 19.42526532871583 357.39845066690077
21 1 3.4764417374334826e-08 344.0833927498578 49.64790825423971 4767.66590259632
21 6 1.0195124768412583e-05 186.8232260854827 54.0590748948877 1690.8369393549303
21 11 0.012481230295637032 1933.0932667881577 47.64742418083055 38828.87861518304
21 16 0.13754283100746592 223.64478644728752 51.17789846281667 2688.3577514542085
21 21 0.3134770189294641 279.3144437856646 37.741750453993085 4446.963129218208
21 26 0.6079474468571918 176.71420156247444 39.93610890354417 2085.608176938845
21 31 1.1167313459589 108.7296650651829 30.446640601493915 792.9594290263356
21 36 1.5028249979554833 90.68263017860434 27.86304215685177 765.5001749143202
21 41 1.742674002710966 138.16275464387343 25.230815318614496 2000.9817228623851
21 46 2.098248121003335 51.76759022657652 23.082154662454382 416.2567837665898
26 1 1.9795466484712115e-08 215.92540090491661 48.84425507919659 2736.711957273831
26 6 1.3037484632204397e-06 205.97196051207865 45.58018381821763 2514.4526007765007
26 11 0.00627354775406473 94.25184227674063 44.73428709501961 712.1857488114015
26 16 0.14088960559364816 198.55214232008922 48.5477354394837 3092.1302537121846
26 21 0.3064153957137131 149.8353513026548 40.63477889061336 1917.3119881153154
26 26 0.5898125984650905 159.24166672367036 34.8702294358891 2158.9668041575396
26 31 0.971314419444866 223.2223524215815 36.67959284839137 3454.867080754334
26 36 1.1903738997452202 1145.751864949172 34.96071961471644 28281.77961075845
26 41 1.8188047430877963 73.35910393429148 32.71131047697067 564.0330654151403
26 46 2.3108162899618763 79.38162894157044 25.162436294176594 1123.289045031101
31 1 0.00024746393591085284 266.764391450342 61.415245753703935 3652.158206091083
31 6 2.677069583058972e-07 1128.9957294640155 42.95817193457193 31723.71365147574
31 11 0.01398797098472391 167.63237932795965 44.01337861828912 2451.0083691650175
31 16 0.08101848702899861 153.68693275077112 43.744952946906004 1994.2602362648606
31 21 0.3036915288647025 173.55738465615013 36.10605232641582 2930.2417328012416
31 26 0.5408032797618333 247.57711016156242 41.51539388337187 4598.904641700477
31 31 0.9968770266701391 100.18036201402096 36.09378185782338 1026.1840521795552
31 36 1.6541963089110436 75.16878051923736 31.87931971759992 744.9544714514027
31 41 1.9270711797484636 170.8028095388243 31.159848876114303 3702.9850819733547
31 46 2.449325819262323 141.50778336438356 27.473257870024515 2559.5705579002215
36 1 0.0008977133485939554 348.640612001746 84.86884196263735 4914.652780085271
36 6 1.5574491630500514e-06 244.90204888101067 54.21674896611877 3854.2421316338587
36 11 0.005768299825336668 384.047614284453 44.323994525342044 10215.713749220493
36 16 0.09862086487069395 385.7866773305225 44.217933974572645 10314.715225358725
36 21 0.32108099253280353 126.80587453083372 39.566372626238085 2177.6569233407054
36 26 0.636169583735418 116.29333851755639 39.315964607598296 1441.8770535036683
36 31 0.9188392262396565 659.1591563629214 36.309549408104495 20763.11776349856
36 36 1.4901558692570298 220.54231229150886 32.330467246818586 5431.4490562944675
36 41 1.8617825768436163 190.54859666904986 31.231132673803728 4744.889553350917
36 46 2.448696189842134 146.46725509556134 32.180764416855745 2839.6988130979744
41 1 7.211623539176362e-08 288.1825465240718 51.92023217676918 5539.287722036412
41 6 1.079805616204569e-05 199.00809863032038 44.1536285113282 3787.285150098973
41 11 0.004592084364940555 177.4523646866785 41.45488861926452 2677.2394188309313
41 16 0.07695272557364054 199.80837651100117 41.40466588107682 4369.4969986944925
41 21 0.4636923839708187 326.68095724780994 39.92410893952889 9961.13328628452
41 26 0.8543007362566074 150.94830717976885 38.541128889263405 2461.7554671386524
41 31 1.278403208235757 185.92971276391356 35.673011715642545 4482.261365957408
41 36 1.4604022438410131 218.21266610879078 35.635314303221236 5363.515902444531
41 41 2.301141617508706 158.97380327926274 34.22041850669457 3660.57848476237
41 46 3.0451306742712947 111.13644895407779 34.633342666471684 1546.7242133937814
46 1 4.149893650410769e-08 227.724760648239 48.572292519090425 3370.5945708651607
46 6 1.3145583913293923e-06 291.0310515025094 47.67225485979424 6903.975760331525
46 11 0.013750526375551566 262.54935812774966 47.74475908725642 6471.95318374301
46 16 0.10506821488446227 286.634605940142 45.43474436098438 7093.056515393602
46 21 0.3839424203868913 133.40735886476017 43.429414621392574 2068.1986589018557
46 26 0.7454629986954003 250.126129032367 40.99722510336054 4761.745861403711
46 31 1.3419369693591223 206.47518617110842 42.1958112868773 3752.886886029487
46 36 1.6596049227070093 227.3537682845474 33.94715253959917 6919.54058962043
46 41 2.2095653554280106 127.33857259312845 36.017555191965556 2348.1201737327997
46 46 3.3296561410924532 154.29058259666965 34.42729047711988 2995.606941223988
